{
  "player_id": "Giannis_Antetokounmpo",
  "mu": [
    27.097560975609756,
    10.25609756097561,
    5.804878048780488,
    1.0609756097560976,
    0.9634146341463414,
    31.353658536585368
  ],
  "Sigma": [
    [
      165.57061126166818,
      43.44384221619993,
      17.056308340861182,
      5.6482987052092755,
      2.411020776874436,
      124.66877446552246
    ],
    [
      43.44384221619993,
      25.60027100271002,
      7.593797049081602,
      1.6385124962360733,
      1.9477566997892195,
      45.241644083107495
    ],
    [
      17.056308340861182,
      7.593797049081602,
      12.677506775067755,
      1.2589581451370069,
      0.9063535079795243,
      25.98343872327612
    ],
    [
      5.6482987052092755,
      1.6385124962360733,
      1.2589581451370069,
      1.4159891598915981,
      0.23682625715146038,
      5.175700090334237
    ],
    [
      2.411020776874436,
      1.9477566997892195,
      0.9063535079795243,
      0.23682625715146038,
      1.1467931345980125,
      3.9390243902439015
    ],
    [
      124.66877446552246,
      45.241644083107495,
      25.98343872327612,
      5.175700090334237,
      3.9390243902439015,
      141.63881361035834
    ]
  ],
  "feature_names": [
    "PTS",
    "TRB",
    "AST",
    "STL",
    "BLK",
    "MP"
  ],
  "note": "Computed from actual game statistics"
}