{
  "player_id": "Luka_Doncic",
  "mu": [
    28.902439024390244,
    7.890243902439025,
    8.365853658536585,
    1.2073170731707317,
    0.4634146341463415,
    32.0
  ],
  "Sigma": [
    [
      211.10147545919895,
      43.10027100271002,
      42.17193616380607,
      7.0575127973501965,
      2.5766335441132178,
      171.03703703703687
    ],
    [
      43.10027100271002,
      19.03718759409814,
      14.472749171936165,
      1.6526648599819325,
      0.6564287865100877,
      47.283950617283956
    ],
    [
      42.17193616380607,
      14.472749171936165,
      22.185486299307446,
      1.9602529358626921,
      0.890093345377898,
      52.45679012345678
    ],
    [
      7.0575127973501965,
      1.6526648599819325,
      1.9602529358626921,
      1.2527853056308333,
      0.26076482987052096,
      7.530864197530862
    ],
    [
      2.5766335441132178,
      0.6564287865100877,
      0.890093345377898,
      0.26076482987052096,
      0.5727190605239384,
      3.4074074074074088
    ],
    [
      171.03703703703687,
      47.283950617283956,
      52.45679012345678,
      7.530864197530862,
      3.4074074074074088,
      194.14814814814812
    ]
  ],
  "feature_names": [
    "PTS",
    "TRB",
    "AST",
    "STL",
    "BLK",
    "MP"
  ],
  "note": "Computed from actual game statistics"
}