{
  "player_id": "Stephen_Curry",
  "mu": [
    23.853658536585368,
    4.024390243902439,
    4.621951219512195,
    0.6585365853658537,
    0.34146341463414637,
    29.5
  ],
  "Sigma": [
    [
      145.0400481782596,
      15.151761517615169,
      9.252634748569704,
      2.529659741041856,
      0.7295995182174045,
      96.03703703703704
    ],
    [
      15.151761517615169,
      6.888286660644383,
      2.058717253839204,
      0.2800361336946703,
      0.3125564588979223,
      15.481481481481486
    ],
    [
      9.252634748569704,
      2.058717253839204,
      7.620746763023182,
      0.7828967178560672,
      0.27883167720566093,
      16.166666666666675
    ],
    [
      2.529659741041856,
      0.2800361336946703,
      0.7828967178560672,
      0.7461607949412824,
      0.06865401987353204,
      2.4074074074074066
    ],
    [
      0.7295995182174045,
      0.3125564588979223,
      0.27883167720566093,
      0.06865401987353204,
      0.3757904245709121,
      1.0864197530864192
    ],
    [
      96.03703703703704,
      15.481481481481486,
      16.166666666666675,
      2.4074074074074066,
      1.0864197530864192,
      108.32716049382715
    ]
  ],
  "feature_names": [
    "PTS",
    "TRB",
    "AST",
    "STL",
    "BLK",
    "MP"
  ],
  "note": "Computed from actual game statistics"
}